1
9264

1
15
0 0 
0 1
0 2
1 0 
1 3
1 4
2 0 
2 5 
2 6 
3 0 
3 7 
3 8
4 9
5 9
6 9


11

4
1 8
5 6
3 8
5 4




1
0 0

8
1 1
1 5
2 1
2 2
2 4
2 5
3 3
4 3

3
0 0
1 0
0 1

3
1 1
2 2
3 3

7
2 4
3 4
4 4
4 1
4 2
1 4
4 3
 
8
1 2
2 1
2 2
2 3
2 4
3 3
4 4
5 1

9
6 7
5 3
2 2
0 1
1 0
2 1
2 0
3 1
4 2 




6
0 0
0 0
1 3
2 1
2 4
5 1




9
1 1
2 1
3 1
4 1
1 2
1 3
2 3
3 3
4 3



5
3 3 
4 4
5 5
1 1
2 2

10
1
2
3
4
5
6
7
8
9
10

3
14
2
8

1
3
6 6 6
9 9 9

3
1
1
2
2
1 2
2 1
3
3 2 2
4 5 3












4
11
1 1
1 2
2 2
2 4
3 2
3 4
4 2
4 4
1 3
1 4
1 5


7
1 1
1 2
2 1
1 3
1 4
3 1
4 1

7
1 1
1 2
2 1
1 3
1 4
3 1
4 1

9
1 3 
1 4
1 2
1 5
2 5
3 5
4 5 
5 5
2 5










2
0 0 0 100 100 0
1 1 1 5 5 1


edee dddd eede eeed deee






